Webots Project File version R2023b
perspectives: 000000ff00000000fd0000000200000001000003d2000002cefc0200000001fb0000001400540065007800740045006400690074006f0072010000001a000002ce0000008b00ffffff0000000300000778000000dafc0100000001fb0000001a0043006f006e0073006f006c00650041006c006c0041006c006c0100000000000007780000006900ffffff000003a4000002ce00000001000000020000000100000008fc00000000
simulationViewPerspectives: 000000ff0000000100000002000001100000054a0100000002010000000100
sceneTreePerspectives: 000000ff00000001000000030000002200000290000000fa0100000002010000000200
maximizedDockId: -1
centralWidgetVisible: 1
orthographicViewHeight: 1
textFiles: 0 "controllers/head_controller/head_controller.py"
consoles: Console:All:All
renderingDevicePerspectives: red player 1:left_camera;0;0.398148;0;0
renderingDevicePerspectives: red player 1:right_camera;0;0.796296;0;0
